
32049
32105
32120
32130
32139
32257
32278
32289
32312
32339
32351
32361
32369
32423
32457
32469
32479
32545
32584
32602
32609
32657
32676
32683
32689
32694
32699
32756
32791
32805
32816
32825
32832
32839
33014
33034
33039
33098
33129
33142
33154
33161
33165
33175
33178
33181
33184
33189
33330
33378
33397
33415
33428
33442
33449
33602
33758
33775
33790
33803
33813
33818
33824
33829
34414
34431
34434
34439
37671
37688
37696
40210
40472
40667
40699
40721
40764
40789
40822
41061
41334
41352
41363
41366
41372
41379
41460
41515
41539
41564
41569
41747
41812
41836
41844
41849
42103
42477
42489
42499
42549
42579
42651
42781
42799
42853
42929
44135
44532
44575
44623
44787
45127
45468
45525
45549
45657
45699
45711
45721
45731
45739
45768
45879
45964
46045
46236
46282
46325
46342
46348
46354
46359
46395
46414
46419
46446
46459
46483
46499
46509
46514
46519
46535
46562
46569
47051
47441
47475
47495
47506
47509
47533
47546
47551
47559
47574
47589
47608
47623
47638
47647
47652
47661
47665
47669
47798
47877
47906
47918
47929
48143
48231
48249
48268
48282
48291
48301
48308
48317
48324
48329
48336
48341
48346
48351
48356
48361
48366
48369
48429
48477
48485
48493
48496
48565
48599
48607
48612
48619
48624
48629
48653
48683
48691
48703
48712
48720
48727
48734
48739
49477
49492
49497
49504
49509
49525
49536
49545
49549
50126
50169
50181
50189
50226
50259
50321
50354
50374
50389
50667
51371
51399
51427
51491
51503
51515
51519
51545
51570
51580
51588
51597
51643
51674
51688
51702
51709
51766
51789
52062
52134
52146
52152
52156
52159
52222
52249
52349
52372
52379
52382
52385
52388
52391
52393
52396
52399
52428
52441
52445
52457
52459
52477
52499
52511
52525
52525
52531
52538
52538
53111
53332
53340
53343
53347
53359
53604
53639
53721
53757
53773
53783
53797
53804
53809
53819
53840
53859
53879
53894
53902
53909
53913
53919
53925
53937
53940
53945
53947
53949
57072
57223
57234
57250
57258
57271
57290
57299
57319
57334
57339
57368
57392
57399
57413
57439
57462
57482
57489
58089
58239
58256
58285
58300
58313
58332
58339
58452
58507
58540
58553
58566
58579
58636
58675
58706
58730
58739
58762
58769
58791
58802
58809
58840
58849
59063
59174
59192
59199
59227
59269
59302
59320
59329
59348
59368
59379
59387
59394
59399
59423
59439
59457
59469
59494
59505
59510
59514
59519
59555
59581
59590
59597
59602
59609
59755
59846
59872
59889
59909
59929
59939
59955
59964
59969
